[Rank 2] {2: _SubPartitionedMesh(id=2,
                        etypes=['quad', 'tri'],
                        eidxs_base={'quad': array([ 3, 10, 16]),
                                    'tri': array([2, 7])},
                        eidxs={'quad': array([], dtype=int64),
                               'tri': array([7])},
                        conn=array([[ 0,  7,  1, -1, -1, -1,  2],
       [ 0,  7,  2,  2,  1, 10,  2],
       [ 0,  7,  0,  2,  0,  2,  2]]),
                        spts={'quad': array([[[0.62359953, 0.22794287],
        [0.82341592, 0.18278211],
        [0.68074413, 0.41970635],
        [0.83472002, 0.36749615]],

       [[1.        , 0.5       ],
        [0.83472002, 0.36749615],
        [1.        , 0.25      ],
        [0.82341592, 0.18278211]],

       [[0.62359953, 0.22794287],
        [0.5       , 0.        ],
        [0.82341592, 0.18278211],
        [0.75      , 0.        ]]]),
                              'tri': array([[[0.82341592, 0.18278211],
        [0.75      , 0.        ],
        [1.        , 0.        ]],

       [[0.82341592, 0.18278211],
        [1.        , 0.        ],
        [1.        , 0.25      ]]])},
                        spts_nodes={'quad': array([[26, 16, 29, 30],
       [10, 30,  9, 16],
       [26,  6, 16,  7]]),
                                    'tri': array([[16,  7,  8],
       [16,  8,  9]])},
                        spts_curved={'quad': array([False, False, False]),
                                     'tri': array([False, False])})}
[Rank 2] {2: _SubPartitionedMesh(id=2,
                        etypes=['quad', 'tri'],
                        eidxs_base={'quad': array([ 1,  2, 15, 17,  3, 10, 16]),
                                    'tri': array([2, 7])},
                        eidxs={'quad': array([ 3, 10]), 'tri': array([2, 7])},
                        conn=array([[ 1,  3,  1,  2,  1, 10,  1],
       [ 1, 10,  2,  2,  0,  7,  2],
       [ 0,  7,  0,  2,  0,  2,  2],
       [ 0,  2,  1, -1, -1, -1,  0],
       [ 1, 10,  3, -1, -1, -1,  2],
       [ 0,  7,  1, -1, -1, -1,  2],
       [ 1, 10,  0,  2,  1, 15,  3],
       [ 1,  3,  2,  2,  1, 15,  2],
       [ 0,  2,  0,  2,  1, 16,  2],
       [ 1,  3,  0,  2,  1, 16,  3],
       [ 1,  3,  3,  2,  1,  1,  0]]),
                        spts={'quad': array([[[0.62359953, 0.22794287],
        [0.68074413, 0.41970635],
        [0.49541325, 0.31519935],
        [0.49592129, 0.49379152]],

       [[0.30641017, 0.41891218],
        [0.36671894, 0.22386365],
        [0.49592129, 0.49379152],
        [0.49541325, 0.31519935]],

       [[1.        , 0.5       ],
        [0.7818017 , 0.58014363],
        [0.83472002, 0.36749615],
        [0.68074413, 0.41970635]],

       [[0.5       , 0.        ],
        [0.62359953, 0.22794287],
        [0.36671894, 0.22386365],
        [0.49541325, 0.31519935]],

       [[0.62359953, 0.22794287],
        [0.82341592, 0.18278211],
        [0.68074413, 0.41970635],
        [0.83472002, 0.36749615]],

       [[1.        , 0.5       ],
        [0.83472002, 0.36749615],
        [1.        , 0.25      ],
        [0.82341592, 0.18278211]],

       [[0.62359953, 0.22794287],
        [0.5       , 0.        ],
        [0.82341592, 0.18278211],
        [0.75      , 0.        ]]]),
                              'tri': array([[[0.82341592, 0.18278211],
        [0.75      , 0.        ],
        [1.        , 0.        ]],

       [[0.82341592, 0.18278211],
        [1.        , 0.        ],
        [1.        , 0.25      ]]])},
                        spts_nodes={'quad': array([[26, 29, 27, 31],
       [22, 21, 31, 27],
       [10, 28, 30, 29],
       [ 6, 26, 21, 27],
       [26, 16, 29, 30],
       [10, 30,  9, 16],
       [26,  6, 16,  7]]),
                                    'tri': array([[16,  7,  8],
       [16,  8,  9]])},
                        spts_curved={'quad': array([False, False, False, False, False, False, False]),
                                     'tri': array([False, False])})}
[Rank 2] {2: _SubPartitionedMesh(id=2,
                        etypes=['quad', 'tri'],
                        eidxs_base={'quad': array([ 3, 10, 16]),
                                    'tri': array([2, 7])},
                        eidxs={'quad': array([], dtype=int64),
                               'tri': array([2, 7])},
                        conn=array([[ 0,  7,  1, -1, -1, -1,  2],
       [ 0,  7,  2,  2,  1, 10,  2],
       [ 0,  7,  0,  2,  0,  2,  2]]),
                        spts={'quad': array([[[0.62359953, 0.22794287],
        [0.82341592, 0.18278211],
        [0.68074413, 0.41970635],
        [0.83472002, 0.36749615]],

       [[1.        , 0.5       ],
        [0.83472002, 0.36749615],
        [1.        , 0.25      ],
        [0.82341592, 0.18278211]],

       [[0.62359953, 0.22794287],
        [0.5       , 0.        ],
        [0.82341592, 0.18278211],
        [0.75      , 0.        ]]]),
                              'tri': array([[[0.82341592, 0.18278211],
        [0.75      , 0.        ],
        [1.        , 0.        ]],

       [[0.82341592, 0.18278211],
        [1.        , 0.        ],
        [1.        , 0.25      ]]])},
                        spts_nodes={'quad': array([[26, 16, 29, 30],
       [10, 30,  9, 16],
       [26,  6, 16,  7]]),
                                    'tri': array([[16,  7,  8],
       [16,  8,  9]])},
                        spts_curved={'quad': array([False, False, False]),
                                     'tri': array([False, False])})}
[Rank 2] {2: _SubPartitionedMesh(id=2,
                        etypes=['quad', 'tri'],
                        eidxs_base={'quad': array([ 3, 10, 16]),
                                    'tri': array([2, 7])},
                        eidxs={'quad': array([], dtype=int64),
                               'tri': array([2, 7])},
                        conn=array([[ 0,  7,  1, -1, -1, -1,  2],
       [ 0,  7,  2,  2,  1, 10,  2],
       [ 0,  7,  0,  2,  0,  2,  2]]),
                        spts={'quad': array([[[0.62359953, 0.22794287],
        [0.82341592, 0.18278211],
        [0.68074413, 0.41970635],
        [0.83472002, 0.36749615]],

       [[1.        , 0.5       ],
        [0.83472002, 0.36749615],
        [1.        , 0.25      ],
        [0.82341592, 0.18278211]],

       [[0.62359953, 0.22794287],
        [0.5       , 0.        ],
        [0.82341592, 0.18278211],
        [0.75      , 0.        ]]]),
                              'tri': array([[[0.82341592, 0.18278211],
        [0.75      , 0.        ],
        [1.        , 0.        ]],

       [[0.82341592, 0.18278211],
        [1.        , 0.        ],
        [1.        , 0.25      ]]])},
                        spts_nodes={'quad': array([[26, 16, 29, 30],
       [10, 30,  9, 16],
       [26,  6, 16,  7]]),
                                    'tri': array([[16,  7,  8],
       [16,  8,  9]])},
                        spts_curved={'quad': array([False, False, False]),
                                     'tri': array([False, False])})}
[Rank 2] {2: _SubPartitionedMesh(id=2,
                        etypes=['quad', 'tri'],
                        eidxs_base={'quad': array([ 3, 10, 16]),
                                    'tri': array([2, 7])},
                        eidxs={'quad': array([], dtype=int64),
                               'tri': array([2, 7])},
                        conn=array([[ 0,  7,  1, -1, -1, -1,  2],
       [ 0,  7,  2,  2,  1, 10,  2],
       [ 0,  7,  0,  2,  0,  2,  2]]),
                        spts={'quad': array([[[0.62359953, 0.22794287],
        [0.82341592, 0.18278211],
        [0.68074413, 0.41970635],
        [0.83472002, 0.36749615]],

       [[1.        , 0.5       ],
        [0.83472002, 0.36749615],
        [1.        , 0.25      ],
        [0.82341592, 0.18278211]],

       [[0.62359953, 0.22794287],
        [0.5       , 0.        ],
        [0.82341592, 0.18278211],
        [0.75      , 0.        ]]]),
                              'tri': array([[[0.82341592, 0.18278211],
        [0.75      , 0.        ],
        [1.        , 0.        ]],

       [[0.82341592, 0.18278211],
        [1.        , 0.        ],
        [1.        , 0.25      ]]])},
                        spts_nodes={'quad': array([[26, 16, 29, 30],
       [10, 30,  9, 16],
       [26,  6, 16,  7]]),
                                    'tri': array([[16,  7,  8],
       [16,  8,  9]])},
                        spts_curved={'quad': array([False, False, False]),
                                     'tri': array([False, False])})}
[Rank 2] {2: _SubPartitionedMesh(etypes=['quad', 'tri'],
                        eidxs_base={'quad': array([ 3, 10, 16]),
                                    'tri': array([2, 7])},
                        eidxs={'quad': array([ 3, 10, 16]),
                               'tri': array([2, 7])},
                        conn=array([[ 0,  2,  0,  2,  1, 16,  2],
       [ 0,  2,  1, -1, -1, -1,  0],
       [ 0,  2,  2,  2,  0,  7,  0],
       [ 0,  7,  0,  2,  0,  2,  2],
       [ 0,  7,  1, -1, -1, -1,  2],
       [ 0,  7,  2,  2,  1, 10,  2],
       [ 1,  3,  0,  2,  1, 16,  3],
       [ 1,  3,  1,  2,  1, 10,  1],
       [ 1,  3,  2,  0,  1, 15,  2],
       [ 1,  3,  3,  0,  1,  1,  0],
       [ 1, 10,  0,  0,  1, 15,  3],
       [ 1, 10,  1,  2,  1,  3,  1],
       [ 1, 10,  2,  2,  0,  7,  2],
       [ 1, 10,  3, -1, -1, -1,  2],
       [ 1, 16,  0,  1,  1, 17,  0],
       [ 1, 16,  1, -1, -1, -1,  0],
       [ 1, 16,  2,  2,  0,  2,  0],
       [ 1, 16,  3,  2,  1,  3,  0]]),
                        spts={'quad': array([[[0.62359953, 0.22794287],
        [0.82341592, 0.18278211],
        [0.68074413, 0.41970635],
        [0.83472002, 0.36749615]],

       [[1.        , 0.5       ],
        [0.83472002, 0.36749615],
        [1.        , 0.25      ],
        [0.82341592, 0.18278211]],

       [[0.62359953, 0.22794287],
        [0.5       , 0.        ],
        [0.82341592, 0.18278211],
        [0.75      , 0.        ]]]),
                              'tri': array([[[0.82341592, 0.18278211],
        [0.75      , 0.        ],
        [1.        , 0.        ]],

       [[0.82341592, 0.18278211],
        [1.        , 0.        ],
        [1.        , 0.25      ]]])},
                        spts_nodes={'quad': array([[26, 16, 29, 30],
       [10, 30,  9, 16],
       [26,  6, 16,  7]]),
                                    'tri': array([[16,  7,  8],
       [16,  8,  9]])},
                        spts_curved={'quad': array([False, False, False]),
                                     'tri': array([False, False])})}
[Rank 2] {2: _SubPartitionedMesh(etypes=['quad', 'tri'],
                        eidxs_base={'quad': array([ 3, 10, 16]),
                                    'tri': array([2, 7])},
                        eidxs={'quad': array([ 3, 10, 16]),
                               'tri': array([2, 7])},
                        conn=array([[ 0,  2,  0,  2,  1, 16,  2],
       [ 0,  2,  1, -1, -1, -1,  0],
       [ 0,  2,  2,  2,  0,  7,  0],
       [ 0,  7,  0,  2,  0,  2,  2],
       [ 0,  7,  1, -1, -1, -1,  2],
       [ 0,  7,  2,  2,  1, 10,  2],
       [ 1,  3,  0,  2,  1, 16,  3],
       [ 1,  3,  1,  2,  1, 10,  1],
       [ 1,  3,  2,  0,  1, 15,  2],
       [ 1,  3,  3,  0,  1,  1,  0],
       [ 1, 10,  0,  0,  1, 15,  3],
       [ 1, 10,  1,  2,  1,  3,  1],
       [ 1, 10,  2,  2,  0,  7,  2],
       [ 1, 10,  3, -1, -1, -1,  2],
       [ 1, 16,  0,  1,  1, 17,  0],
       [ 1, 16,  1, -1, -1, -1,  0],
       [ 1, 16,  2,  2,  0,  2,  0],
       [ 1, 16,  3,  2,  1,  3,  0]]),
                        spts={'quad': array([[[0.62359953, 0.22794287],
        [0.82341592, 0.18278211],
        [0.68074413, 0.41970635],
        [0.83472002, 0.36749615]],

       [[1.        , 0.5       ],
        [0.83472002, 0.36749615],
        [1.        , 0.25      ],
        [0.82341592, 0.18278211]],

       [[0.62359953, 0.22794287],
        [0.5       , 0.        ],
        [0.82341592, 0.18278211],
        [0.75      , 0.        ]]]),
                              'tri': array([[[0.82341592, 0.18278211],
        [0.75      , 0.        ],
        [1.        , 0.        ]],

       [[0.82341592, 0.18278211],
        [1.        , 0.        ],
        [1.        , 0.25      ]]])},
                        spts_nodes={'quad': array([[26, 16, 29, 30],
       [10, 30,  9, 16],
       [26,  6, 16,  7]]),
                                    'tri': array([[16,  7,  8],
       [16,  8,  9]])},
                        spts_curved={'quad': array([False, False, False]),
                                     'tri': array([False, False])})}
[Rank 2] {2: _SubPartitionedMesh(etypes=['quad', 'tri'],
                        eidxs_base={'quad': array([ 3, 10, 16]),
                                    'tri': array([2, 7])},
                        eidxs={'quad': array([ 3, 10, 16]),
                               'tri': array([2, 7])},
                        conn=array([[ 0,  2,  0,  2,  1, 16,  2],
       [ 0,  2,  1, -1, -1, -1,  0],
       [ 0,  2,  2,  2,  0,  7,  0],
       [ 0,  7,  0,  2,  0,  2,  2],
       [ 0,  7,  1, -1, -1, -1,  2],
       [ 0,  7,  2,  2,  1, 10,  2],
       [ 1,  3,  0,  2,  1, 16,  3],
       [ 1,  3,  1,  2,  1, 10,  1],
       [ 1,  3,  2,  0,  1, 15,  2],
       [ 1,  3,  3,  0,  1,  1,  0],
       [ 1, 10,  0,  0,  1, 15,  3],
       [ 1, 10,  1,  2,  1,  3,  1],
       [ 1, 10,  2,  2,  0,  7,  2],
       [ 1, 10,  3, -1, -1, -1,  2],
       [ 1, 16,  0,  1,  1, 17,  0],
       [ 1, 16,  1, -1, -1, -1,  0],
       [ 1, 16,  2,  2,  0,  2,  0],
       [ 1, 16,  3,  2,  1,  3,  0]]),
                        spts={'quad': array([[[0.62359953, 0.22794287],
        [0.82341592, 0.18278211],
        [0.68074413, 0.41970635],
        [0.83472002, 0.36749615]],

       [[1.        , 0.5       ],
        [0.83472002, 0.36749615],
        [1.        , 0.25      ],
        [0.82341592, 0.18278211]],

       [[0.62359953, 0.22794287],
        [0.5       , 0.        ],
        [0.82341592, 0.18278211],
        [0.75      , 0.        ]]]),
                              'tri': array([[[0.82341592, 0.18278211],
        [0.75      , 0.        ],
        [1.        , 0.        ]],

       [[0.82341592, 0.18278211],
        [1.        , 0.        ],
        [1.        , 0.25      ]]])},
                        spts_nodes={'quad': array([[26, 16, 29, 30],
       [10, 30,  9, 16],
       [26,  6, 16,  7]]),
                                    'tri': array([[16,  7,  8],
       [16,  8,  9]])},
                        spts_curved={'quad': array([False, False, False]),
                                     'tri': array([False, False])})}
