[Rank 1] {1: _SubPartitionedMesh(id=1,
                        etypes=['quad', 'tri'],
                        eidxs_base={'quad': array([ 2,  6,  7, 17,  5,  8,  9, 11, 13, 20]),
                                    'tri': array([0, 4, 6])},
                        eidxs={'quad': array([ 2,  3,  5,  6,  7,  8,  9, 11, 13, 16, 17, 20]),
                               'tri': array([0, 2, 4, 6])},
                        conn=array([[ 1,  2,  0,  1,  1, 20,  2],
       [ 1,  6,  0,  1,  1,  2,  3],
       [ 1,  7,  0,  1,  1,  9,  1],
       [ 1,  5,  0,  1,  1,  9,  0],
       [ 1, 11,  0,  1,  1, 17,  3],
       [ 1, 20,  0,  1,  1,  8,  2],
       [ 1,  2,  1,  1,  1, 17,  2],
       [ 1,  7,  1,  1,  1,  6,  2],
       [ 1,  5,  1,  1,  1,  8,  3],
       [ 1,  8,  1,  1,  0,  4,  1],
       [ 1, 11,  1,  1,  1, 20,  1],
       [ 1, 13,  1,  1,  1,  9,  2],
       [ 1,  5,  2,  1,  1, 20,  3],
       [ 1, 11,  2,  1,  0,  6,  2],
       [ 1, 13,  2,  1,  0,  0,  1],
       [ 1,  6,  3,  1,  1,  5,  3],
       [ 1,  7,  3,  1,  0,  0,  2],
       [ 0,  4,  0,  1,  0,  6,  0],
       [ 0,  0,  0,  0,  0,  3,  1],
       [ 1,  6,  1,  0,  1, 14,  0],
       [ 1, 17,  1,  0,  1,  1,  3],
       [ 1,  2,  2,  0,  1,  1,  2],
       [ 1,  7,  2,  0,  1, 18,  3],
       [ 1, 17,  0,  2,  1, 16,  0],
       [ 1, 11,  3, -1, -1, -1,  0],
       [ 0,  6,  1, -1, -1, -1,  0],
       [ 1,  8,  0, -1, -1, -1,  1],
       [ 1, 13,  0, -1, -1, -1,  1],
       [ 1,  9,  3, -1, -1, -1,  1],
       [ 0,  4,  2, -1, -1, -1,  1],
       [ 1, 13,  3, -1, -1, -1,  3],
       [ 0,  2,  2,  2,  0,  7,  0],
       [ 0,  2,  1, -1, -1, -1,  0],
       [ 0,  2,  0,  2,  1, 16,  2]]),
                        spts={'quad': array([[[0.30641017, 0.41891218],
        [0.36671894, 0.22386365],
        [0.49592129, 0.49379152],
        [0.49541325, 0.31519935]],

       [[0.30641017, 0.41891218],
        [0.49592129, 0.49379152],
        [0.21694446, 0.59326755],
        [0.38534186, 0.6857371 ]],

       [[0.17602583, 0.76842093],
        [0.21694446, 0.59326755],
        [0.32888457, 0.85398126],
        [0.38534186, 0.6857371 ]],

       [[0.5       , 0.        ],
        [0.62359953, 0.22794287],
        [0.36671894, 0.22386365],
        [0.49541325, 0.31519935]],

       [[0.21694446, 0.59326755],
        [0.        , 0.5       ],
        [0.30641017, 0.41891218],
        [0.15453763, 0.36210185]],

       [[0.        , 0.5       ],
        [0.        , 0.25      ],
        [0.15453763, 0.36210185],
        [0.16878791, 0.18519744]],

       [[0.        , 0.5       ],
        [0.21694446, 0.59326755],
        [0.        , 0.75      ],
        [0.17602583, 0.76842093]],

       [[0.5       , 0.        ],
        [0.36671894, 0.22386365],
        [0.25      , 0.        ],
        [0.16878791, 0.18519744]],

       [[0.        , 1.        ],
        [0.        , 0.75      ],
        [0.25      , 1.        ],
        [0.17602583, 0.76842093]],

       [[0.15453763, 0.36210185],
        [0.16878791, 0.18519744],
        [0.30641017, 0.41891218],
        [0.36671894, 0.22386365]],

       [[0.62359953, 0.22794287],
        [0.82341592, 0.18278211],
        [0.68074413, 0.41970635],
        [0.83472002, 0.36749615]],

       [[0.62359953, 0.22794287],
        [0.5       , 0.        ],
        [0.82341592, 0.18278211],
        [0.75      , 0.        ]],

       [[0.62359953, 0.22794287],
        [0.82341592, 0.18278211],
        [0.68074413, 0.41970635],
        [0.83472002, 0.36749615]],

       [[0.62359953, 0.22794287],
        [0.5       , 0.        ],
        [0.82341592, 0.18278211],
        [0.75      , 0.        ]]]),
                              'tri': array([[[0.32888457, 0.85398126],
        [0.25      , 1.        ],
        [0.17602583, 0.76842093]],

       [[0.        , 0.        ],
        [0.16878791, 0.18519744],
        [0.        , 0.25      ]],

       [[0.16878791, 0.18519744],
        [0.        , 0.        ],
        [0.25      , 0.        ]],

       [[0.82341592, 0.18278211],
        [0.75      , 0.        ],
        [1.        , 0.        ]],

       [[0.82341592, 0.18278211],
        [0.75      , 0.        ],
        [1.        , 0.        ]]])},
                        spts_nodes={'quad': array([[22, 21, 31, 27],
       [22, 31, 34, 24],
       [33, 34, 25, 24],
       [ 6, 26, 21, 27],
       [34,  2, 22, 20],
       [ 2,  3, 20, 17],
       [ 2, 34,  1, 33],
       [ 6, 21,  5, 17],
       [ 0,  1, 15, 33],
       [20, 17, 22, 21],
       [26, 16, 29, 30],
       [26,  6, 16,  7],
       [26, 16, 29, 30],
       [26,  6, 16,  7]]),
                                    'tri': array([[25, 15, 33],
       [ 4, 17,  3],
       [17,  4,  5],
       [16,  7,  8],
       [16,  7,  8]])},
                        spts_curved={'quad': array([False, False, False, False, False, False, False, False, False,
       False, False, False, False, False]),
                                     'tri': array([False, False, False, False, False])})}
[Rank 1] {1: _SubPartitionedMesh(id=1,
                        etypes=['quad', 'tri'],
                        eidxs_base={'quad': array([ 6,  7, 11, 20,  5,  8,  9, 13]),
                                    'tri': array([0, 4, 6])},
                        eidxs={'quad': array([ 1,  2,  5,  6,  7,  8,  9, 11, 13, 16, 17, 20]),
                               'tri': array([0, 4, 6])},
                        conn=array([[ 1,  7,  0,  1,  1,  9,  1],
       [ 1, 20,  0,  1,  1,  8,  2],
       [ 1,  5,  0,  1,  1,  9,  0],
       [ 1,  7,  1,  1,  1,  6,  2],
       [ 1, 11,  1,  1,  1, 20,  1],
       [ 1,  5,  1,  1,  1,  8,  3],
       [ 1,  8,  1,  1,  0,  4,  1],
       [ 1, 13,  1,  1,  1,  9,  2],
       [ 1, 11,  2,  1,  0,  6,  2],
       [ 1,  5,  2,  1,  1, 20,  3],
       [ 1, 13,  2,  1,  0,  0,  1],
       [ 1,  6,  3,  1,  1,  5,  3],
       [ 1,  7,  3,  1,  0,  0,  2],
       [ 0,  4,  0,  1,  0,  6,  0],
       [ 0,  0,  0,  0,  0,  3,  1],
       [ 1,  6,  1,  0,  1, 14,  0],
       [ 1,  7,  2,  0,  1, 18,  3],
       [ 1, 20,  2,  2,  1,  2,  0],
       [ 1,  6,  0,  2,  1,  2,  3],
       [ 1, 11,  0,  2,  1, 17,  3],
       [ 1, 11,  3, -1, -1, -1,  0],
       [ 0,  6,  1, -1, -1, -1,  0],
       [ 1,  8,  0, -1, -1, -1,  1],
       [ 1, 13,  0, -1, -1, -1,  1],
       [ 1,  9,  3, -1, -1, -1,  1],
       [ 0,  4,  2, -1, -1, -1,  1],
       [ 1, 13,  3, -1, -1, -1,  3],
       [ 1, 16,  3,  2,  1,  3,  0],
       [ 1, 17,  0,  2,  1, 16,  0],
       [ 1,  1,  0,  2,  1,  3,  3],
       [ 1, 16,  2,  2,  0,  2,  0],
       [ 1, 16,  1, -1, -1, -1,  0]]),
                        spts={'quad': array([[[0.30641017, 0.41891218],
        [0.49592129, 0.49379152],
        [0.21694446, 0.59326755],
        [0.38534186, 0.6857371 ]],

       [[0.17602583, 0.76842093],
        [0.21694446, 0.59326755],
        [0.32888457, 0.85398126],
        [0.38534186, 0.6857371 ]],

       [[0.5       , 0.        ],
        [0.36671894, 0.22386365],
        [0.25      , 0.        ],
        [0.16878791, 0.18519744]],

       [[0.15453763, 0.36210185],
        [0.16878791, 0.18519744],
        [0.30641017, 0.41891218],
        [0.36671894, 0.22386365]],

       [[0.21694446, 0.59326755],
        [0.        , 0.5       ],
        [0.30641017, 0.41891218],
        [0.15453763, 0.36210185]],

       [[0.        , 0.5       ],
        [0.        , 0.25      ],
        [0.15453763, 0.36210185],
        [0.16878791, 0.18519744]],

       [[0.        , 0.5       ],
        [0.21694446, 0.59326755],
        [0.        , 0.75      ],
        [0.17602583, 0.76842093]],

       [[0.        , 1.        ],
        [0.        , 0.75      ],
        [0.25      , 1.        ],
        [0.17602583, 0.76842093]],

       [[0.62359953, 0.22794287],
        [0.68074413, 0.41970635],
        [0.49541325, 0.31519935],
        [0.49592129, 0.49379152]],

       [[0.30641017, 0.41891218],
        [0.36671894, 0.22386365],
        [0.49592129, 0.49379152],
        [0.49541325, 0.31519935]],

       [[0.62359953, 0.22794287],
        [0.5       , 0.        ],
        [0.82341592, 0.18278211],
        [0.75      , 0.        ]],

       [[0.5       , 0.        ],
        [0.62359953, 0.22794287],
        [0.36671894, 0.22386365],
        [0.49541325, 0.31519935]],

       [[0.62359953, 0.22794287],
        [0.68074413, 0.41970635],
        [0.49541325, 0.31519935],
        [0.49592129, 0.49379152]],

       [[0.30641017, 0.41891218],
        [0.36671894, 0.22386365],
        [0.49592129, 0.49379152],
        [0.49541325, 0.31519935]],

       [[0.62359953, 0.22794287],
        [0.5       , 0.        ],
        [0.82341592, 0.18278211],
        [0.75      , 0.        ]],

       [[0.5       , 0.        ],
        [0.62359953, 0.22794287],
        [0.36671894, 0.22386365],
        [0.49541325, 0.31519935]]]),
                              'tri': array([[[0.32888457, 0.85398126],
        [0.25      , 1.        ],
        [0.17602583, 0.76842093]],

       [[0.        , 0.        ],
        [0.16878791, 0.18519744],
        [0.        , 0.25      ]],

       [[0.16878791, 0.18519744],
        [0.        , 0.        ],
        [0.25      , 0.        ]]])},
                        spts_nodes={'quad': array([[22, 31, 34, 24],
       [33, 34, 25, 24],
       [ 6, 21,  5, 17],
       [20, 17, 22, 21],
       [34,  2, 22, 20],
       [ 2,  3, 20, 17],
       [ 2, 34,  1, 33],
       [ 0,  1, 15, 33],
       [26, 29, 27, 31],
       [22, 21, 31, 27],
       [26,  6, 16,  7],
       [ 6, 26, 21, 27],
       [26, 29, 27, 31],
       [22, 21, 31, 27],
       [26,  6, 16,  7],
       [ 6, 26, 21, 27]]),
                                    'tri': array([[25, 15, 33],
       [ 4, 17,  3],
       [17,  4,  5]])},
                        spts_curved={'quad': array([False, False, False, False, False, False, False, False, False,
       False, False, False, False, False, False, False]),
                                     'tri': array([False, False, False])})}
[Rank 1] {1: _SubPartitionedMesh(id=1,
                        etypes=['quad', 'tri'],
                        eidxs_base={'quad': array([ 2,  6,  7, 17,  5,  8,  9, 11, 13, 20]),
                                    'tri': array([0, 4, 6])},
                        eidxs={'quad': array([ 2,  3,  5,  6,  7,  8,  9, 11, 13, 16, 17, 20]),
                               'tri': array([0, 2, 4, 6])},
                        conn=array([[ 1,  2,  0,  1,  1, 20,  2],
       [ 1,  6,  0,  1,  1,  2,  3],
       [ 1,  7,  0,  1,  1,  9,  1],
       [ 1,  5,  0,  1,  1,  9,  0],
       [ 1, 11,  0,  1,  1, 17,  3],
       [ 1, 20,  0,  1,  1,  8,  2],
       [ 1,  2,  1,  1,  1, 17,  2],
       [ 1,  7,  1,  1,  1,  6,  2],
       [ 1,  5,  1,  1,  1,  8,  3],
       [ 1,  8,  1,  1,  0,  4,  1],
       [ 1, 11,  1,  1,  1, 20,  1],
       [ 1, 13,  1,  1,  1,  9,  2],
       [ 1,  5,  2,  1,  1, 20,  3],
       [ 1, 11,  2,  1,  0,  6,  2],
       [ 1, 13,  2,  1,  0,  0,  1],
       [ 1,  6,  3,  1,  1,  5,  3],
       [ 1,  7,  3,  1,  0,  0,  2],
       [ 0,  4,  0,  1,  0,  6,  0],
       [ 0,  0,  0,  0,  0,  3,  1],
       [ 1,  6,  1,  0,  1, 14,  0],
       [ 1, 17,  1,  0,  1,  1,  3],
       [ 1,  2,  2,  0,  1,  1,  2],
       [ 1,  7,  2,  0,  1, 18,  3],
       [ 1, 17,  0,  2,  1, 16,  0],
       [ 1, 11,  3, -1, -1, -1,  0],
       [ 0,  6,  1, -1, -1, -1,  0],
       [ 1,  8,  0, -1, -1, -1,  1],
       [ 1, 13,  0, -1, -1, -1,  1],
       [ 1,  9,  3, -1, -1, -1,  1],
       [ 0,  4,  2, -1, -1, -1,  1],
       [ 1, 13,  3, -1, -1, -1,  3],
       [ 0,  2,  2,  2,  0,  7,  0],
       [ 0,  2,  1, -1, -1, -1,  0],
       [ 0,  2,  0,  2,  1, 16,  2]]),
                        spts={'quad': array([[[0.30641017, 0.41891218],
        [0.36671894, 0.22386365],
        [0.49592129, 0.49379152],
        [0.49541325, 0.31519935]],

       [[0.30641017, 0.41891218],
        [0.49592129, 0.49379152],
        [0.21694446, 0.59326755],
        [0.38534186, 0.6857371 ]],

       [[0.17602583, 0.76842093],
        [0.21694446, 0.59326755],
        [0.32888457, 0.85398126],
        [0.38534186, 0.6857371 ]],

       [[0.5       , 0.        ],
        [0.62359953, 0.22794287],
        [0.36671894, 0.22386365],
        [0.49541325, 0.31519935]],

       [[0.21694446, 0.59326755],
        [0.        , 0.5       ],
        [0.30641017, 0.41891218],
        [0.15453763, 0.36210185]],

       [[0.        , 0.5       ],
        [0.        , 0.25      ],
        [0.15453763, 0.36210185],
        [0.16878791, 0.18519744]],

       [[0.        , 0.5       ],
        [0.21694446, 0.59326755],
        [0.        , 0.75      ],
        [0.17602583, 0.76842093]],

       [[0.5       , 0.        ],
        [0.36671894, 0.22386365],
        [0.25      , 0.        ],
        [0.16878791, 0.18519744]],

       [[0.        , 1.        ],
        [0.        , 0.75      ],
        [0.25      , 1.        ],
        [0.17602583, 0.76842093]],

       [[0.15453763, 0.36210185],
        [0.16878791, 0.18519744],
        [0.30641017, 0.41891218],
        [0.36671894, 0.22386365]],

       [[0.62359953, 0.22794287],
        [0.82341592, 0.18278211],
        [0.68074413, 0.41970635],
        [0.83472002, 0.36749615]],

       [[0.62359953, 0.22794287],
        [0.5       , 0.        ],
        [0.82341592, 0.18278211],
        [0.75      , 0.        ]],

       [[0.62359953, 0.22794287],
        [0.82341592, 0.18278211],
        [0.68074413, 0.41970635],
        [0.83472002, 0.36749615]],

       [[0.62359953, 0.22794287],
        [0.5       , 0.        ],
        [0.82341592, 0.18278211],
        [0.75      , 0.        ]]]),
                              'tri': array([[[0.32888457, 0.85398126],
        [0.25      , 1.        ],
        [0.17602583, 0.76842093]],

       [[0.        , 0.        ],
        [0.16878791, 0.18519744],
        [0.        , 0.25      ]],

       [[0.16878791, 0.18519744],
        [0.        , 0.        ],
        [0.25      , 0.        ]],

       [[0.82341592, 0.18278211],
        [0.75      , 0.        ],
        [1.        , 0.        ]],

       [[0.82341592, 0.18278211],
        [0.75      , 0.        ],
        [1.        , 0.        ]]])},
                        spts_nodes={'quad': array([[22, 21, 31, 27],
       [22, 31, 34, 24],
       [33, 34, 25, 24],
       [ 6, 26, 21, 27],
       [34,  2, 22, 20],
       [ 2,  3, 20, 17],
       [ 2, 34,  1, 33],
       [ 6, 21,  5, 17],
       [ 0,  1, 15, 33],
       [20, 17, 22, 21],
       [26, 16, 29, 30],
       [26,  6, 16,  7],
       [26, 16, 29, 30],
       [26,  6, 16,  7]]),
                                    'tri': array([[25, 15, 33],
       [ 4, 17,  3],
       [17,  4,  5],
       [16,  7,  8],
       [16,  7,  8]])},
                        spts_curved={'quad': array([False, False, False, False, False, False, False, False, False,
       False, False, False, False, False]),
                                     'tri': array([False, False, False, False, False])})}
[Rank 1] {1: _SubPartitionedMesh(id=1,
                        etypes=['quad', 'tri'],
                        eidxs_base={'quad': array([ 2,  6,  7, 17,  5,  8,  9, 11, 13, 20]),
                                    'tri': array([0, 4, 6])},
                        eidxs={'quad': array([ 2,  3,  5,  6,  7,  8,  9, 11, 13, 16, 17, 20]),
                               'tri': array([0, 2, 4, 6])},
                        conn=array([[ 1,  2,  0,  1,  1, 20,  2],
       [ 1,  6,  0,  1,  1,  2,  3],
       [ 1,  7,  0,  1,  1,  9,  1],
       [ 1,  5,  0,  1,  1,  9,  0],
       [ 1, 11,  0,  1,  1, 17,  3],
       [ 1, 20,  0,  1,  1,  8,  2],
       [ 1,  2,  1,  1,  1, 17,  2],
       [ 1,  7,  1,  1,  1,  6,  2],
       [ 1,  5,  1,  1,  1,  8,  3],
       [ 1,  8,  1,  1,  0,  4,  1],
       [ 1, 11,  1,  1,  1, 20,  1],
       [ 1, 13,  1,  1,  1,  9,  2],
       [ 1,  5,  2,  1,  1, 20,  3],
       [ 1, 11,  2,  1,  0,  6,  2],
       [ 1, 13,  2,  1,  0,  0,  1],
       [ 1,  6,  3,  1,  1,  5,  3],
       [ 1,  7,  3,  1,  0,  0,  2],
       [ 0,  4,  0,  1,  0,  6,  0],
       [ 0,  0,  0,  0,  0,  3,  1],
       [ 1,  6,  1,  0,  1, 14,  0],
       [ 1, 17,  1,  0,  1,  1,  3],
       [ 1,  2,  2,  0,  1,  1,  2],
       [ 1,  7,  2,  0,  1, 18,  3],
       [ 1, 17,  0,  2,  1, 16,  0],
       [ 1, 11,  3, -1, -1, -1,  0],
       [ 0,  6,  1, -1, -1, -1,  0],
       [ 1,  8,  0, -1, -1, -1,  1],
       [ 1, 13,  0, -1, -1, -1,  1],
       [ 1,  9,  3, -1, -1, -1,  1],
       [ 0,  4,  2, -1, -1, -1,  1],
       [ 1, 13,  3, -1, -1, -1,  3],
       [ 0,  2,  2,  2,  0,  7,  0],
       [ 0,  2,  1, -1, -1, -1,  0],
       [ 0,  2,  0,  2,  1, 16,  2]]),
                        spts={'quad': array([[[0.30641017, 0.41891218],
        [0.36671894, 0.22386365],
        [0.49592129, 0.49379152],
        [0.49541325, 0.31519935]],

       [[0.30641017, 0.41891218],
        [0.49592129, 0.49379152],
        [0.21694446, 0.59326755],
        [0.38534186, 0.6857371 ]],

       [[0.17602583, 0.76842093],
        [0.21694446, 0.59326755],
        [0.32888457, 0.85398126],
        [0.38534186, 0.6857371 ]],

       [[0.5       , 0.        ],
        [0.62359953, 0.22794287],
        [0.36671894, 0.22386365],
        [0.49541325, 0.31519935]],

       [[0.21694446, 0.59326755],
        [0.        , 0.5       ],
        [0.30641017, 0.41891218],
        [0.15453763, 0.36210185]],

       [[0.        , 0.5       ],
        [0.        , 0.25      ],
        [0.15453763, 0.36210185],
        [0.16878791, 0.18519744]],

       [[0.        , 0.5       ],
        [0.21694446, 0.59326755],
        [0.        , 0.75      ],
        [0.17602583, 0.76842093]],

       [[0.5       , 0.        ],
        [0.36671894, 0.22386365],
        [0.25      , 0.        ],
        [0.16878791, 0.18519744]],

       [[0.        , 1.        ],
        [0.        , 0.75      ],
        [0.25      , 1.        ],
        [0.17602583, 0.76842093]],

       [[0.15453763, 0.36210185],
        [0.16878791, 0.18519744],
        [0.30641017, 0.41891218],
        [0.36671894, 0.22386365]],

       [[0.62359953, 0.22794287],
        [0.82341592, 0.18278211],
        [0.68074413, 0.41970635],
        [0.83472002, 0.36749615]],

       [[0.62359953, 0.22794287],
        [0.5       , 0.        ],
        [0.82341592, 0.18278211],
        [0.75      , 0.        ]],

       [[0.62359953, 0.22794287],
        [0.82341592, 0.18278211],
        [0.68074413, 0.41970635],
        [0.83472002, 0.36749615]],

       [[0.62359953, 0.22794287],
        [0.5       , 0.        ],
        [0.82341592, 0.18278211],
        [0.75      , 0.        ]]]),
                              'tri': array([[[0.32888457, 0.85398126],
        [0.25      , 1.        ],
        [0.17602583, 0.76842093]],

       [[0.        , 0.        ],
        [0.16878791, 0.18519744],
        [0.        , 0.25      ]],

       [[0.16878791, 0.18519744],
        [0.        , 0.        ],
        [0.25      , 0.        ]],

       [[0.82341592, 0.18278211],
        [0.75      , 0.        ],
        [1.        , 0.        ]],

       [[0.82341592, 0.18278211],
        [0.75      , 0.        ],
        [1.        , 0.        ]]])},
                        spts_nodes={'quad': array([[22, 21, 31, 27],
       [22, 31, 34, 24],
       [33, 34, 25, 24],
       [ 6, 26, 21, 27],
       [34,  2, 22, 20],
       [ 2,  3, 20, 17],
       [ 2, 34,  1, 33],
       [ 6, 21,  5, 17],
       [ 0,  1, 15, 33],
       [20, 17, 22, 21],
       [26, 16, 29, 30],
       [26,  6, 16,  7],
       [26, 16, 29, 30],
       [26,  6, 16,  7]]),
                                    'tri': array([[25, 15, 33],
       [ 4, 17,  3],
       [17,  4,  5],
       [16,  7,  8],
       [16,  7,  8]])},
                        spts_curved={'quad': array([False, False, False, False, False, False, False, False, False,
       False, False, False, False, False]),
                                     'tri': array([False, False, False, False, False])})}
[Rank 1] {1: _SubPartitionedMesh(id=1,
                        etypes=['quad', 'tri'],
                        eidxs_base={'quad': array([ 2,  6,  7, 17,  5,  8,  9, 11, 13, 20]),
                                    'tri': array([0, 4, 6])},
                        eidxs={'quad': array([ 2,  3,  5,  6,  7,  8,  9, 11, 13, 16, 17, 20]),
                               'tri': array([0, 2, 4, 6])},
                        conn=array([[ 1,  2,  0,  1,  1, 20,  2],
       [ 1,  6,  0,  1,  1,  2,  3],
       [ 1,  7,  0,  1,  1,  9,  1],
       [ 1,  5,  0,  1,  1,  9,  0],
       [ 1, 11,  0,  1,  1, 17,  3],
       [ 1, 20,  0,  1,  1,  8,  2],
       [ 1,  2,  1,  1,  1, 17,  2],
       [ 1,  7,  1,  1,  1,  6,  2],
       [ 1,  5,  1,  1,  1,  8,  3],
       [ 1,  8,  1,  1,  0,  4,  1],
       [ 1, 11,  1,  1,  1, 20,  1],
       [ 1, 13,  1,  1,  1,  9,  2],
       [ 1,  5,  2,  1,  1, 20,  3],
       [ 1, 11,  2,  1,  0,  6,  2],
       [ 1, 13,  2,  1,  0,  0,  1],
       [ 1,  6,  3,  1,  1,  5,  3],
       [ 1,  7,  3,  1,  0,  0,  2],
       [ 0,  4,  0,  1,  0,  6,  0],
       [ 0,  0,  0,  0,  0,  3,  1],
       [ 1,  6,  1,  0,  1, 14,  0],
       [ 1, 17,  1,  0,  1,  1,  3],
       [ 1,  2,  2,  0,  1,  1,  2],
       [ 1,  7,  2,  0,  1, 18,  3],
       [ 1, 17,  0,  2,  1, 16,  0],
       [ 1, 11,  3, -1, -1, -1,  0],
       [ 0,  6,  1, -1, -1, -1,  0],
       [ 1,  8,  0, -1, -1, -1,  1],
       [ 1, 13,  0, -1, -1, -1,  1],
       [ 1,  9,  3, -1, -1, -1,  1],
       [ 0,  4,  2, -1, -1, -1,  1],
       [ 1, 13,  3, -1, -1, -1,  3],
       [ 0,  2,  2,  2,  0,  7,  0],
       [ 0,  2,  1, -1, -1, -1,  0],
       [ 0,  2,  0,  2,  1, 16,  2]]),
                        spts={'quad': array([[[0.30641017, 0.41891218],
        [0.36671894, 0.22386365],
        [0.49592129, 0.49379152],
        [0.49541325, 0.31519935]],

       [[0.30641017, 0.41891218],
        [0.49592129, 0.49379152],
        [0.21694446, 0.59326755],
        [0.38534186, 0.6857371 ]],

       [[0.17602583, 0.76842093],
        [0.21694446, 0.59326755],
        [0.32888457, 0.85398126],
        [0.38534186, 0.6857371 ]],

       [[0.5       , 0.        ],
        [0.62359953, 0.22794287],
        [0.36671894, 0.22386365],
        [0.49541325, 0.31519935]],

       [[0.21694446, 0.59326755],
        [0.        , 0.5       ],
        [0.30641017, 0.41891218],
        [0.15453763, 0.36210185]],

       [[0.        , 0.5       ],
        [0.        , 0.25      ],
        [0.15453763, 0.36210185],
        [0.16878791, 0.18519744]],

       [[0.        , 0.5       ],
        [0.21694446, 0.59326755],
        [0.        , 0.75      ],
        [0.17602583, 0.76842093]],

       [[0.5       , 0.        ],
        [0.36671894, 0.22386365],
        [0.25      , 0.        ],
        [0.16878791, 0.18519744]],

       [[0.        , 1.        ],
        [0.        , 0.75      ],
        [0.25      , 1.        ],
        [0.17602583, 0.76842093]],

       [[0.15453763, 0.36210185],
        [0.16878791, 0.18519744],
        [0.30641017, 0.41891218],
        [0.36671894, 0.22386365]],

       [[0.62359953, 0.22794287],
        [0.82341592, 0.18278211],
        [0.68074413, 0.41970635],
        [0.83472002, 0.36749615]],

       [[0.62359953, 0.22794287],
        [0.5       , 0.        ],
        [0.82341592, 0.18278211],
        [0.75      , 0.        ]],

       [[0.62359953, 0.22794287],
        [0.82341592, 0.18278211],
        [0.68074413, 0.41970635],
        [0.83472002, 0.36749615]],

       [[0.62359953, 0.22794287],
        [0.5       , 0.        ],
        [0.82341592, 0.18278211],
        [0.75      , 0.        ]]]),
                              'tri': array([[[0.32888457, 0.85398126],
        [0.25      , 1.        ],
        [0.17602583, 0.76842093]],

       [[0.        , 0.        ],
        [0.16878791, 0.18519744],
        [0.        , 0.25      ]],

       [[0.16878791, 0.18519744],
        [0.        , 0.        ],
        [0.25      , 0.        ]],

       [[0.82341592, 0.18278211],
        [0.75      , 0.        ],
        [1.        , 0.        ]],

       [[0.82341592, 0.18278211],
        [0.75      , 0.        ],
        [1.        , 0.        ]]])},
                        spts_nodes={'quad': array([[22, 21, 31, 27],
       [22, 31, 34, 24],
       [33, 34, 25, 24],
       [ 6, 26, 21, 27],
       [34,  2, 22, 20],
       [ 2,  3, 20, 17],
       [ 2, 34,  1, 33],
       [ 6, 21,  5, 17],
       [ 0,  1, 15, 33],
       [20, 17, 22, 21],
       [26, 16, 29, 30],
       [26,  6, 16,  7],
       [26, 16, 29, 30],
       [26,  6, 16,  7]]),
                                    'tri': array([[25, 15, 33],
       [ 4, 17,  3],
       [17,  4,  5],
       [16,  7,  8],
       [16,  7,  8]])},
                        spts_curved={'quad': array([False, False, False, False, False, False, False, False, False,
       False, False, False, False, False]),
                                     'tri': array([False, False, False, False, False])})}
[Rank 1] {1: _SubPartitionedMesh(etypes=['quad', 'tri'],
                        eidxs_base={'quad': array([ 2,  6,  7, 17,  5,  8,  9, 11, 13, 20]),
                                    'tri': array([0, 4, 6])},
                        eidxs={'quad': array([ 2,  6,  7, 17,  5,  8,  9, 11, 13, 20]),
                               'tri': array([0, 4, 6])},
                        conn=array([[ 0,  0,  0,  0,  0,  3,  1],
       [ 0,  0,  1,  1,  1, 13,  2],
       [ 0,  0,  2,  1,  1,  7,  3],
       [ 0,  4,  0,  1,  0,  6,  0],
       [ 0,  4,  1,  1,  1,  8,  1],
       [ 0,  4,  2, -1, -1, -1,  1],
       [ 0,  6,  0,  1,  0,  4,  0],
       [ 0,  6,  1, -1, -1, -1,  0],
       [ 0,  6,  2,  1,  1, 11,  2],
       [ 1,  2,  0,  1,  1, 20,  2],
       [ 1,  2,  1,  1,  1, 17,  2],
       [ 1,  2,  2,  0,  1,  1,  2],
       [ 1,  2,  3,  1,  1,  6,  0],
       [ 1,  5,  0,  1,  1,  9,  0],
       [ 1,  5,  1,  1,  1,  8,  3],
       [ 1,  5,  2,  1,  1, 20,  3],
       [ 1,  5,  3,  1,  1,  6,  3],
       [ 1,  6,  0,  1,  1,  2,  3],
       [ 1,  6,  1,  0,  1, 14,  0],
       [ 1,  6,  2,  1,  1,  7,  1],
       [ 1,  6,  3,  1,  1,  5,  3],
       [ 1,  7,  0,  1,  1,  9,  1],
       [ 1,  7,  1,  1,  1,  6,  2],
       [ 1,  7,  2,  0,  1, 18,  3],
       [ 1,  7,  3,  1,  0,  0,  2],
       [ 1,  8,  0, -1, -1, -1,  1],
       [ 1,  8,  1,  1,  0,  4,  1],
       [ 1,  8,  2,  1,  1, 20,  0],
       [ 1,  8,  3,  1,  1,  5,  1],
       [ 1,  9,  0,  1,  1,  5,  0],
       [ 1,  9,  1,  1,  1,  7,  0],
       [ 1,  9,  2,  1,  1, 13,  1],
       [ 1,  9,  3, -1, -1, -1,  1],
       [ 1, 11,  0,  1,  1, 17,  3],
       [ 1, 11,  1,  1,  1, 20,  1],
       [ 1, 11,  2,  1,  0,  6,  2],
       [ 1, 11,  3, -1, -1, -1,  0],
       [ 1, 13,  0, -1, -1, -1,  1],
       [ 1, 13,  1,  1,  1,  9,  2],
       [ 1, 13,  2,  1,  0,  0,  1],
       [ 1, 13,  3, -1, -1, -1,  3],
       [ 1, 17,  0,  2,  1, 16,  0],
       [ 1, 17,  1,  0,  1,  1,  3],
       [ 1, 17,  2,  1,  1,  2,  1],
       [ 1, 17,  3,  1,  1, 11,  0],
       [ 1, 20,  0,  1,  1,  8,  2],
       [ 1, 20,  1,  1,  1, 11,  1],
       [ 1, 20,  2,  1,  1,  2,  0],
       [ 1, 20,  3,  1,  1,  5,  2]]),
                        spts={'quad': array([[[0.30641017, 0.41891218],
        [0.36671894, 0.22386365],
        [0.49592129, 0.49379152],
        [0.49541325, 0.31519935]],

       [[0.30641017, 0.41891218],
        [0.49592129, 0.49379152],
        [0.21694446, 0.59326755],
        [0.38534186, 0.6857371 ]],

       [[0.17602583, 0.76842093],
        [0.21694446, 0.59326755],
        [0.32888457, 0.85398126],
        [0.38534186, 0.6857371 ]],

       [[0.5       , 0.        ],
        [0.62359953, 0.22794287],
        [0.36671894, 0.22386365],
        [0.49541325, 0.31519935]],

       [[0.21694446, 0.59326755],
        [0.        , 0.5       ],
        [0.30641017, 0.41891218],
        [0.15453763, 0.36210185]],

       [[0.        , 0.5       ],
        [0.        , 0.25      ],
        [0.15453763, 0.36210185],
        [0.16878791, 0.18519744]],

       [[0.        , 0.5       ],
        [0.21694446, 0.59326755],
        [0.        , 0.75      ],
        [0.17602583, 0.76842093]],

       [[0.5       , 0.        ],
        [0.36671894, 0.22386365],
        [0.25      , 0.        ],
        [0.16878791, 0.18519744]],

       [[0.        , 1.        ],
        [0.        , 0.75      ],
        [0.25      , 1.        ],
        [0.17602583, 0.76842093]],

       [[0.15453763, 0.36210185],
        [0.16878791, 0.18519744],
        [0.30641017, 0.41891218],
        [0.36671894, 0.22386365]]]),
                              'tri': array([[[0.32888457, 0.85398126],
        [0.25      , 1.        ],
        [0.17602583, 0.76842093]],

       [[0.        , 0.        ],
        [0.16878791, 0.18519744],
        [0.        , 0.25      ]],

       [[0.16878791, 0.18519744],
        [0.        , 0.        ],
        [0.25      , 0.        ]]])},
                        spts_nodes={'quad': array([[22, 21, 31, 27],
       [22, 31, 34, 24],
       [33, 34, 25, 24],
       [ 6, 26, 21, 27],
       [34,  2, 22, 20],
       [ 2,  3, 20, 17],
       [ 2, 34,  1, 33],
       [ 6, 21,  5, 17],
       [ 0,  1, 15, 33],
       [20, 17, 22, 21]]),
                                    'tri': array([[25, 15, 33],
       [ 4, 17,  3],
       [17,  4,  5]])},
                        spts_curved={'quad': array([False, False, False, False, False, False, False, False, False,
       False]),
                                     'tri': array([False, False, False])})}
[Rank 1] {1: _SubPartitionedMesh(etypes=['quad', 'tri'],
                        eidxs_base={'quad': array([ 2,  6,  7, 17,  5,  8,  9, 11, 13, 20]),
                                    'tri': array([0, 4, 6])},
                        eidxs={'quad': array([ 2,  6,  7, 17,  5,  8,  9, 11, 13, 20]),
                               'tri': array([0, 4, 6])},
                        conn=array([[ 0,  0,  0,  0,  0,  3,  1],
       [ 0,  0,  1,  1,  1, 13,  2],
       [ 0,  0,  2,  1,  1,  7,  3],
       [ 0,  4,  0,  1,  0,  6,  0],
       [ 0,  4,  1,  1,  1,  8,  1],
       [ 0,  4,  2, -1, -1, -1,  1],
       [ 0,  6,  0,  1,  0,  4,  0],
       [ 0,  6,  1, -1, -1, -1,  0],
       [ 0,  6,  2,  1,  1, 11,  2],
       [ 1,  2,  0,  1,  1, 20,  2],
       [ 1,  2,  1,  1,  1, 17,  2],
       [ 1,  2,  2,  0,  1,  1,  2],
       [ 1,  2,  3,  1,  1,  6,  0],
       [ 1,  5,  0,  1,  1,  9,  0],
       [ 1,  5,  1,  1,  1,  8,  3],
       [ 1,  5,  2,  1,  1, 20,  3],
       [ 1,  5,  3,  1,  1,  6,  3],
       [ 1,  6,  0,  1,  1,  2,  3],
       [ 1,  6,  1,  0,  1, 14,  0],
       [ 1,  6,  2,  1,  1,  7,  1],
       [ 1,  6,  3,  1,  1,  5,  3],
       [ 1,  7,  0,  1,  1,  9,  1],
       [ 1,  7,  1,  1,  1,  6,  2],
       [ 1,  7,  2,  0,  1, 18,  3],
       [ 1,  7,  3,  1,  0,  0,  2],
       [ 1,  8,  0, -1, -1, -1,  1],
       [ 1,  8,  1,  1,  0,  4,  1],
       [ 1,  8,  2,  1,  1, 20,  0],
       [ 1,  8,  3,  1,  1,  5,  1],
       [ 1,  9,  0,  1,  1,  5,  0],
       [ 1,  9,  1,  1,  1,  7,  0],
       [ 1,  9,  2,  1,  1, 13,  1],
       [ 1,  9,  3, -1, -1, -1,  1],
       [ 1, 11,  0,  1,  1, 17,  3],
       [ 1, 11,  1,  1,  1, 20,  1],
       [ 1, 11,  2,  1,  0,  6,  2],
       [ 1, 11,  3, -1, -1, -1,  0],
       [ 1, 13,  0, -1, -1, -1,  1],
       [ 1, 13,  1,  1,  1,  9,  2],
       [ 1, 13,  2,  1,  0,  0,  1],
       [ 1, 13,  3, -1, -1, -1,  3],
       [ 1, 17,  0,  2,  1, 16,  0],
       [ 1, 17,  1,  0,  1,  1,  3],
       [ 1, 17,  2,  1,  1,  2,  1],
       [ 1, 17,  3,  1,  1, 11,  0],
       [ 1, 20,  0,  1,  1,  8,  2],
       [ 1, 20,  1,  1,  1, 11,  1],
       [ 1, 20,  2,  1,  1,  2,  0],
       [ 1, 20,  3,  1,  1,  5,  2]]),
                        spts={'quad': array([[[0.30641017, 0.41891218],
        [0.36671894, 0.22386365],
        [0.49592129, 0.49379152],
        [0.49541325, 0.31519935]],

       [[0.30641017, 0.41891218],
        [0.49592129, 0.49379152],
        [0.21694446, 0.59326755],
        [0.38534186, 0.6857371 ]],

       [[0.17602583, 0.76842093],
        [0.21694446, 0.59326755],
        [0.32888457, 0.85398126],
        [0.38534186, 0.6857371 ]],

       [[0.5       , 0.        ],
        [0.62359953, 0.22794287],
        [0.36671894, 0.22386365],
        [0.49541325, 0.31519935]],

       [[0.21694446, 0.59326755],
        [0.        , 0.5       ],
        [0.30641017, 0.41891218],
        [0.15453763, 0.36210185]],

       [[0.        , 0.5       ],
        [0.        , 0.25      ],
        [0.15453763, 0.36210185],
        [0.16878791, 0.18519744]],

       [[0.        , 0.5       ],
        [0.21694446, 0.59326755],
        [0.        , 0.75      ],
        [0.17602583, 0.76842093]],

       [[0.5       , 0.        ],
        [0.36671894, 0.22386365],
        [0.25      , 0.        ],
        [0.16878791, 0.18519744]],

       [[0.        , 1.        ],
        [0.        , 0.75      ],
        [0.25      , 1.        ],
        [0.17602583, 0.76842093]],

       [[0.15453763, 0.36210185],
        [0.16878791, 0.18519744],
        [0.30641017, 0.41891218],
        [0.36671894, 0.22386365]]]),
                              'tri': array([[[0.32888457, 0.85398126],
        [0.25      , 1.        ],
        [0.17602583, 0.76842093]],

       [[0.        , 0.        ],
        [0.16878791, 0.18519744],
        [0.        , 0.25      ]],

       [[0.16878791, 0.18519744],
        [0.        , 0.        ],
        [0.25      , 0.        ]]])},
                        spts_nodes={'quad': array([[22, 21, 31, 27],
       [22, 31, 34, 24],
       [33, 34, 25, 24],
       [ 6, 26, 21, 27],
       [34,  2, 22, 20],
       [ 2,  3, 20, 17],
       [ 2, 34,  1, 33],
       [ 6, 21,  5, 17],
       [ 0,  1, 15, 33],
       [20, 17, 22, 21]]),
                                    'tri': array([[25, 15, 33],
       [ 4, 17,  3],
       [17,  4,  5]])},
                        spts_curved={'quad': array([False, False, False, False, False, False, False, False, False,
       False]),
                                     'tri': array([False, False, False])})}
[Rank 1] {1: _SubPartitionedMesh(etypes=['quad', 'tri'],
                        eidxs_base={'quad': array([ 2,  6,  7, 17,  5,  8,  9, 11, 13, 20]),
                                    'tri': array([0, 4, 6])},
                        eidxs={'quad': array([ 2,  6,  7, 17,  5,  8,  9, 11, 13, 20]),
                               'tri': array([0, 4, 6])},
                        conn=array([[ 0,  0,  0,  0,  0,  3,  1],
       [ 0,  0,  1,  1,  1, 13,  2],
       [ 0,  0,  2,  1,  1,  7,  3],
       [ 0,  4,  0,  1,  0,  6,  0],
       [ 0,  4,  1,  1,  1,  8,  1],
       [ 0,  4,  2, -1, -1, -1,  1],
       [ 0,  6,  0,  1,  0,  4,  0],
       [ 0,  6,  1, -1, -1, -1,  0],
       [ 0,  6,  2,  1,  1, 11,  2],
       [ 1,  2,  0,  1,  1, 20,  2],
       [ 1,  2,  1,  1,  1, 17,  2],
       [ 1,  2,  2,  0,  1,  1,  2],
       [ 1,  2,  3,  1,  1,  6,  0],
       [ 1,  5,  0,  1,  1,  9,  0],
       [ 1,  5,  1,  1,  1,  8,  3],
       [ 1,  5,  2,  1,  1, 20,  3],
       [ 1,  5,  3,  1,  1,  6,  3],
       [ 1,  6,  0,  1,  1,  2,  3],
       [ 1,  6,  1,  0,  1, 14,  0],
       [ 1,  6,  2,  1,  1,  7,  1],
       [ 1,  6,  3,  1,  1,  5,  3],
       [ 1,  7,  0,  1,  1,  9,  1],
       [ 1,  7,  1,  1,  1,  6,  2],
       [ 1,  7,  2,  0,  1, 18,  3],
       [ 1,  7,  3,  1,  0,  0,  2],
       [ 1,  8,  0, -1, -1, -1,  1],
       [ 1,  8,  1,  1,  0,  4,  1],
       [ 1,  8,  2,  1,  1, 20,  0],
       [ 1,  8,  3,  1,  1,  5,  1],
       [ 1,  9,  0,  1,  1,  5,  0],
       [ 1,  9,  1,  1,  1,  7,  0],
       [ 1,  9,  2,  1,  1, 13,  1],
       [ 1,  9,  3, -1, -1, -1,  1],
       [ 1, 11,  0,  1,  1, 17,  3],
       [ 1, 11,  1,  1,  1, 20,  1],
       [ 1, 11,  2,  1,  0,  6,  2],
       [ 1, 11,  3, -1, -1, -1,  0],
       [ 1, 13,  0, -1, -1, -1,  1],
       [ 1, 13,  1,  1,  1,  9,  2],
       [ 1, 13,  2,  1,  0,  0,  1],
       [ 1, 13,  3, -1, -1, -1,  3],
       [ 1, 17,  0,  2,  1, 16,  0],
       [ 1, 17,  1,  0,  1,  1,  3],
       [ 1, 17,  2,  1,  1,  2,  1],
       [ 1, 17,  3,  1,  1, 11,  0],
       [ 1, 20,  0,  1,  1,  8,  2],
       [ 1, 20,  1,  1,  1, 11,  1],
       [ 1, 20,  2,  1,  1,  2,  0],
       [ 1, 20,  3,  1,  1,  5,  2]]),
                        spts={'quad': array([[[0.30641017, 0.41891218],
        [0.36671894, 0.22386365],
        [0.49592129, 0.49379152],
        [0.49541325, 0.31519935]],

       [[0.30641017, 0.41891218],
        [0.49592129, 0.49379152],
        [0.21694446, 0.59326755],
        [0.38534186, 0.6857371 ]],

       [[0.17602583, 0.76842093],
        [0.21694446, 0.59326755],
        [0.32888457, 0.85398126],
        [0.38534186, 0.6857371 ]],

       [[0.5       , 0.        ],
        [0.62359953, 0.22794287],
        [0.36671894, 0.22386365],
        [0.49541325, 0.31519935]],

       [[0.21694446, 0.59326755],
        [0.        , 0.5       ],
        [0.30641017, 0.41891218],
        [0.15453763, 0.36210185]],

       [[0.        , 0.5       ],
        [0.        , 0.25      ],
        [0.15453763, 0.36210185],
        [0.16878791, 0.18519744]],

       [[0.        , 0.5       ],
        [0.21694446, 0.59326755],
        [0.        , 0.75      ],
        [0.17602583, 0.76842093]],

       [[0.5       , 0.        ],
        [0.36671894, 0.22386365],
        [0.25      , 0.        ],
        [0.16878791, 0.18519744]],

       [[0.        , 1.        ],
        [0.        , 0.75      ],
        [0.25      , 1.        ],
        [0.17602583, 0.76842093]],

       [[0.15453763, 0.36210185],
        [0.16878791, 0.18519744],
        [0.30641017, 0.41891218],
        [0.36671894, 0.22386365]]]),
                              'tri': array([[[0.32888457, 0.85398126],
        [0.25      , 1.        ],
        [0.17602583, 0.76842093]],

       [[0.        , 0.        ],
        [0.16878791, 0.18519744],
        [0.        , 0.25      ]],

       [[0.16878791, 0.18519744],
        [0.        , 0.        ],
        [0.25      , 0.        ]]])},
                        spts_nodes={'quad': array([[22, 21, 31, 27],
       [22, 31, 34, 24],
       [33, 34, 25, 24],
       [ 6, 26, 21, 27],
       [34,  2, 22, 20],
       [ 2,  3, 20, 17],
       [ 2, 34,  1, 33],
       [ 6, 21,  5, 17],
       [ 0,  1, 15, 33],
       [20, 17, 22, 21]]),
                                    'tri': array([[25, 15, 33],
       [ 4, 17,  3],
       [17,  4,  5]])},
                        spts_curved={'quad': array([False, False, False, False, False, False, False, False, False,
       False]),
                                     'tri': array([False, False, False])})}
